[0, 0],5307.806588666805,5281.917644733555
[0, 1],5345.039768545719,5301.679363281363
[0, 2],5364.2474333265345,5332.935675112332
[0, 3],5388.491284185266,5351.56347913988
[0, 4],5405.542879158958,5352.079679932802
[0, 5],5421.698865959188,5375.737421292912
[0, 6],5441.471574477233,5385.384659880732
[0, 7],5477.872067749246,5399.278819805411
[0, 8],5494.759518286461,5414.8702416117885
[0, 9],5526.493711624185,5443.5832440074155
[0, 10],5544.425720269646,5460.286022903601
[0, 11],5564.615259971208,5498.051723922275
[0, 12],5592.65255264302,5518.223429836413
[0, 13],5605.537823499093,5566.490913541857
[0, 14],5640.15224602088,5577.355577064736
[0, 15],5679.693472805317,5651.357558866788
[0, 16],5721.4971226743655,5689.178728665836
[0, 17],5767.771027455281,5725.040624266199
[0, 18],5822.334119502455,5774.885636358085
[0, 19],5820.562812121352,5835.314607874781
[0, 20],5854.2011838392355,5896.8172230136115
[0, 21],5994.244538154453,5964.436165102292
[1, 0],5309.583075009044,5282.27143644101
[1, 1],5327.223938495005,5306.296326994326
[1, 2],5358.326560864007,5332.872130137683
[1, 3],5382.219529586777,5352.610617230993
[1, 4],5393.949740812524,5356.056092861665
[1, 5],5400.515698578437,5373.907066807824
[1, 6],5419.418901608811,5383.401854143369
[1, 7],5439.563119377364,5399.318900769455
[1, 8],5452.314663783001,5406.811660560146
[1, 9],5471.335452733232,5433.514646876196
[1, 10],5491.975900026631,5451.694289034727
[1, 11],5507.962268023115,5481.115946359161
[1, 12],5525.22093113415,5495.470723125662
[1, 13],5549.42524891987,5522.727133413537
[1, 14],5572.1705157705655,5569.36015114763
[1, 15],5598.440768414352,5598.257986650293
[1, 16],5631.474645214563,5629.491191626483
[1, 17],5671.1892608716735,5663.886716003646
[1, 18],5733.240729790763,5717.029310558719
[1, 19],5784.539756585495,5759.6297547812865
[1, 20],5817.5644111156,5811.531905497599
[1, 21],5922.875843609916,5878.608560068475
[2, 0],5277.885144592379,5275.517384353037
[2, 1],5307.022837719157,5304.579408013166
[2, 2],5327.850785744403,5322.539050346457
[2, 3],5358.701477463777,5348.1298327237655
[2, 4],5364.87736137655,5355.049501868136
[2, 5],5372.14399064996,5364.513882368248
[2, 6],5388.729140940555,5381.642270555376
[2, 7],5412.1956281802295,5397.256755674258
[2, 8],5421.539737778156,5398.595077919541
[2, 9],5432.225381419983,5424.92117046201
[2, 10],5449.289915088687,5445.383688925242
[2, 11],5464.993954885298,5456.202755652404
[2, 12],5475.562310907637,5480.562312420265
[2, 13],5497.315017731744,5492.268697265048
[2, 14],5510.837350447058,5529.934154195718
[2, 15],5538.619438255599,5551.685150886136
[2, 16],5573.550220410634,5579.3306809684
[2, 17],5605.9990228081515,5610.586219592093
[2, 18],5651.538361809187,5648.243669864154
[2, 19],5705.726310598002,5697.792363471846
[2, 20],5782.2379603303125,5745.37428433515
[2, 21],5860.838224578998,5804.894119738048
[3, 0],5267.959270462634,5284.358068990978
[3, 1],5280.8301170743525,5301.632525850289
[3, 2],5300.704739758639,5322.904596274748
[3, 3],5312.708554903036,5344.3911682066955
[3, 4],5335.870414936784,5353.3661007191695
[3, 5],5356.332941741337,5359.739033554915
[3, 6],5374.334112891211,5374.74157956731
[3, 7],5389.3555534154775,5393.855639241405
[3, 8],5401.102640443784,5414.1852004495595
[3, 9],5416.436359229491,5421.586112788282
[3, 10],5424.274741987578,5426.097388937231
[3, 11],5433.703971789075,5443.001911630778
[3, 12],5444.17820102616,5462.6465871402
[3, 13],5463.965689348462,5479.276316331674
[3, 14],5476.850474153598,5499.425353601502
[3, 15],5499.323206688472,5516.978442552587
[3, 16],5532.029881881499,5538.251833371389
[3, 17],5568.117670736894,5570.292198626019
[3, 18],5608.360979065201,5598.867384055637
[3, 19],5656.633715798369,5637.530023107945
[3, 20],5730.2841098895005,5684.006875838793
[3, 21],5781.773126438056,5731.5788273902435
[4, 0],5243.781619506779,5291.105602889253
[4, 1],5262.894569662041,5303.678284524571
[4, 2],5290.3176556554445,5318.713489513644
[4, 3],5307.451058460887,5341.555969464263
[4, 4],5329.829366148479,5347.446696930227
[4, 5],5351.268411753072,5361.288630277346
[4, 6],5352.405573378081,5379.004025638898
[4, 7],5373.9985823181705,5388.670028000943
[4, 8],5391.054778101374,5403.17231015194
[4, 9],5402.338721737163,5414.9508861109425
[4, 10],5415.932808760356,5423.566343438775
[4, 11],5415.51642956254,5439.476338211582
[4, 12],5423.9921451651735,5447.85445424687
[4, 13],5433.093379097505,5463.272747465497
[4, 14],5445.570621318822,5480.42359189787
[4, 15],5469.730116275439,5501.117325669828
[4, 16],5498.2984238995505,5516.98419058507
[4, 17],5530.942266357329,5540.184110278922
[4, 18],5567.081560597049,5565.170036162985
[4, 19],5615.8517304354245,5593.022383497155
[4, 20],5687.430590440774,5632.108438568968
[4, 21],5770.576399137935,5681.919282131945
[5, 0],5248.401379345751,5283.223462874717
[5, 1],5249.078110293985,5292.006973909336
[5, 2],5279.8537870756445,5311.484513659654
[5, 3],5299.411473940971,5339.600302764731
[5, 4],5310.7801023754055,5343.599966066249
[5, 5],5337.344955251134,5358.179295816899
[5, 6],5357.359137152713,5374.6176974996615
[5, 7],5366.316493153372,5387.909918164433
[5, 8],5386.751243010245,5400.395384865356
[5, 9],5392.987482744429,5410.983861360244
[5, 10],5398.908907357005,5428.576631531506
[5, 11],5412.416556526095,5432.441109936635
[5, 12],5408.590194314876,5441.7112768838415
[5, 13],5414.535799787589,5456.861438251781
[5, 14],5433.318134464442,5474.237960146998
[5, 15],5449.63704061845,5489.204777534695
[5, 16],5473.19206352026,5503.739197276791
[5, 17],5506.107531014082,5525.07969805169
[5, 18],5535.601383368348,5543.458318290934
[5, 19],5585.9815055265035,5569.965195578574
[5, 20],5650.253879987758,5598.95276290828
[5, 21],5681.928160469477,5642.318908164249
[6, 0],5232.2090205513105,5278.17239794464
[6, 1],5235.751280556697,5288.712109533233
[6, 2],5267.630297544334,5306.820653832885
[6, 3],5282.16091875249,5329.841729887679
[6, 4],5297.187549183915,5335.621264735724
[6, 5],5326.469124344152,5356.1099970092
[6, 6],5362.023600707353,5374.089393068709
[6, 7],5377.756200369226,5390.5387000923565
[6, 8],5393.261543912391,5401.6216742185925
[6, 9],5397.664825208267,5416.64443881492
[6, 10],5394.1915588327465,5428.711376102372
[6, 11],5407.442655766269,5433.221158437889
[6, 12],5402.230551227734,5441.6089790961005
[6, 13],5412.743239085902,5457.694868559738
[6, 14],5420.989786358052,5473.95740178833
[6, 15],5436.220303354787,5486.402140308519
[6, 16],5454.060690288474,5502.9242309564
[6, 17],5477.185228368684,5517.430858155487
[6, 18],5506.351290979037,5532.656634020705
[6, 19],5559.561662819669,5554.562347186888
[6, 20],5587.701896191854,5582.183674393087
[6, 21],5626.54512039715,5615.077809270042
[7, 0],5230.522564623005,5268.478633726752
[7, 1],5245.3476819438765,5283.7216422072615
[7, 2],5263.543350869621,5314.886668078292
[7, 3],5273.931431944473,5334.032103298507
[7, 4],5300.452047828085,5336.368378997135
[7, 5],5335.434743018961,5357.529563933842
[7, 6],5354.727914873021,5376.904473794999
[7, 7],5391.753276018713,5389.65417892108
[7, 8],5400.284837575175,5407.2012845874915
[7, 9],5410.982703442296,5414.582599730914
[7, 10],5411.208896355933,5431.362069239858
[7, 11],5421.506864151331,5439.440218087222
[7, 12],5410.916761505476,5453.464113311669
[7, 13],5409.916454299819,5465.339266204871
[7, 14],5415.098612630847,5480.123274906201
[7, 15],5426.636030504655,5492.119602654311
[7, 16],5439.276928383375,5506.357447144701
[7, 17],5454.631168699086,5521.669014159791
[7, 18],5485.508655482651,5533.8511252460485
[7, 19],5532.812022484419,5551.578828677448
[7, 20],5563.686060905935,5575.140554841864
[7, 21],5605.157001121477,5600.813950824253
[8, 0],5232.817422229491,5271.489201734601
[8, 1],5245.030765020185,5294.543506120639
[8, 2],5257.522265422902,5315.997339848242
[8, 3],5286.10669472259,5334.969171318502
[8, 4],5312.472819821003,5347.603964293978
[8, 5],5349.14842355134,5362.086012642561
[8, 6],5364.622072791859,5381.717515318874
[8, 7],5398.571731686896,5395.7521424345705
[8, 8],5416.499883613747,5409.812937728037
[8, 9],5421.012691118214,5424.425856875629
[8, 10],5418.120460758858,5437.281170826038
[8, 11],5429.26871614825,5449.089054838658
[8, 12],5420.380332034293,5467.529944013111
[8, 13],5418.716729795796,5481.691687773175
[8, 14],5415.370106888515,5492.230993252453
[8, 15],5426.236882511577,5507.544909886644
[8, 16],5436.1472333779775,5517.743964628106
[8, 17],5450.872397586999,5531.145651316521
[8, 18],5476.0502604669055,5542.173958216888
[8, 19],5509.754500656201,5560.802091048102
[8, 20],5548.24907450863,5576.415504029832
[8, 21],5589.006046290613,5602.428816462678
[9, 0],5234.650322509304,5263.474680384372
[9, 1],5248.732897624364,5289.975104136218
[9, 2],5272.098527038866,5314.066126445296
[9, 3],5301.825908629344,5336.994533842311
[9, 4],5322.4979633854,5359.538633543209
[9, 5],5356.859451478831,5365.291051205637
[9, 6],5393.785486296783,5387.65576736812
[9, 7],5415.408475435606,5404.223161898868
[9, 8],5438.159644882726,5419.73951267368
[9, 9],5448.104613010491,5435.4244251277105
[9, 10],5444.1569234645585,5455.5836157598005
[9, 11],5443.844654544934,5464.64131786621
[9, 12],5435.668900143386,5478.075498230934
[9, 13],5437.107517207855,5498.4406562683325
[9, 14],5430.187080827496,5512.475191047251
[9, 15],5428.26584845508,5526.553669324918
[9, 16],5441.802735158728,5540.7198474194065
[9, 17],5451.527140443237,5550.986177308419
[9, 18],5477.771556701714,5552.688724779984
[9, 19],5502.067559039561,5567.956051324011
[9, 20],5538.958319386842,5588.815289408831
[9, 21],5571.773100571756,5609.564682383559
[10, 0],5234.771859536229,5265.59456368811
[10, 1],5243.663659702033,5293.465624442397
[10, 2],5271.5521917971855,5324.01995755443
[10, 3],5314.258864919471,5343.493814410729
[10, 4],5353.510439679645,5366.70552501167
[10, 5],5385.800603942234,5373.243831906993
[10, 6],5419.802717652799,5394.194247690952
[10, 7],5438.649310532795,5416.171360540114
[10, 8],5456.012537958797,5435.228715851429
[10, 9],5470.536963890907,5454.448581009304
[10, 10],5476.469547521158,5474.181193160598
[10, 11],5469.01419878414,5482.833630746633
[10, 12],5466.7832167057395,5498.946119290253
[10, 13],5459.82691892421,5516.0102754785075
[10, 14],5460.177383558696,5529.913347899052
[10, 15],5447.642087118384,5542.852551098951
[10, 16],5455.168987348633,5557.721377854185
[10, 17],5466.518690323435,5569.891813322009
[10, 18],5483.052652867276,5580.398028639393
[10, 19],5510.387041397181,5596.818095397806
[10, 20],5540.245130990266,5616.338984777643
[10, 21],5578.093851800571,5617.779016857804
[11, 0],5244.952617043591,5276.130417073353
[11, 1],5241.235709482085,5303.890484916477
[11, 2],5282.813252228361,5332.8803090449255
[11, 3],5321.995979195595,5351.042672689511
[11, 4],5376.039536049668,5377.247381514075
[11, 5],5410.362401017299,5396.190550380388
[11, 6],5435.874619060165,5407.76164985355
[11, 7],5465.408537055309,5429.191154043946
[11, 8],5478.126845541616,5450.355193244459
[11, 9],5491.913216610696,5468.360666696329
[11, 10],5499.364107393428,5485.009468645925
[11, 11],5492.648601994061,5501.367166093695
[11, 12],5491.361406189122,5517.848454878898
[11, 13],5482.010732547759,5532.889355798883
[11, 14],5481.792081323943,5547.447910372022
[11, 15],5481.005685737761,5560.1490373902225
[11, 16],5488.5699264071645,5573.964399445068
[11, 17],5481.271917268919,5585.771529015773
[11, 18],5505.545253889892,5595.098710986069
[11, 19],5530.426603581296,5613.758339505784
[11, 20],5553.660632071762,5631.806626921896
[11, 21],5593.249688322341,5651.314779118866
[12, 0],5227.106116686598,5279.619832500857
[12, 1],5254.2178392247115,5307.761763535167
[12, 2],5296.213356577267,5338.014217723025
[12, 3],5343.78230774907,5364.650731387645
[12, 4],5386.6886361988345,5395.134778496889
[12, 5],5424.918523825743,5406.422987687365
[12, 6],5458.855473112084,5425.220690857039
[12, 7],5487.526302622418,5443.316580832836
[12, 8],5500.569301795982,5461.337251305843
[12, 9],5517.943495574369,5485.004081810504
[12, 10],5522.600412444015,5502.926319390419
[12, 11],5528.34525281273,5516.739820512665
[12, 12],5516.582889289382,5533.13214536703
[12, 13],5511.758251561152,5548.196911397616
[12, 14],5512.393514730703,5576.9594433633065
[12, 15],5510.258826783203,5584.90074800611
[12, 16],5517.468509259561,5601.091265012231
[12, 17],5525.31781705975,5612.978615952601
[12, 18],5539.584282883772,5627.7806582826415
[12, 19],5551.41719928969,5639.411009859037
[12, 20],5578.57048851841,5654.7490987498795
[12, 21],5607.940940892664,5675.366638369927
[13, 0],5234.1244550473675,5285.019895445337
[13, 1],5264.27520616119,5322.186450832012
[13, 2],5318.0109613555105,5345.549191339094
[13, 3],5353.935409548911,5377.668695787526
[13, 4],5402.381599560926,5404.013624996089
[13, 5],5438.368823917999,5426.74049147243
[13, 6],5473.55842245979,5442.188161199594
[13, 7],5504.06308930351,5456.266196521459
[13, 8],5531.873250981342,5480.120015540044
[13, 9],5543.29261025678,5498.867867346133
[13, 10],5554.667410668669,5518.722342568945
[13, 11],5555.440314354878,5538.984804445884
[13, 12],5559.9004363319245,5569.210769399763
[13, 13],5549.107937303845,5579.14904152678
[13, 14],5542.208831214804,5594.975817044475
[13, 15],5550.935262723456,5607.212868610143
[13, 16],5554.507096884514,5615.223867525583
[13, 17],5564.797443961816,5633.62719556935
[13, 18],5567.258677535878,5644.3085597630015
[13, 19],5597.620868676759,5659.5715688577575
[13, 20],5621.392564392965,5675.704655659022
[13, 21],5644.434399786668,5690.207015337952
[14, 0],5215.381156270381,5292.72887172282
[14, 1],5275.860634471028,5332.493761259269
[14, 2],5316.720878895228,5359.44858763354
[14, 3],5363.095001457006,5391.765858397697
[14, 4],5415.031684728085,5422.184929056422
[14, 5],5453.959287511152,5443.671801918799
[14, 6],5497.347432001086,5463.5217163433645
[14, 7],5530.041359413877,5480.358196190807
[14, 8],5552.875446416656,5494.613569015326
[14, 9],5573.359714398776,5523.235214187684
[14, 10],5577.323973541117,5553.733098379638
[14, 11],5588.22394054553,5567.20221163866
[14, 12],5588.110774339659,5585.015360030106
[14, 13],5588.485082353218,5597.926035586888
[14, 14],5592.0199985599165,5611.831210518197
[14, 15],5592.2306152991305,5626.073494263674
[14, 16],5592.141662232022,5639.0960185197455
[14, 17],5600.699351353849,5647.697535096107
[14, 18],5617.938185347947,5664.812590433916
[14, 19],5629.428329782362,5676.246653355356
[14, 20],5654.685485861086,5691.921595829048
[14, 21],5690.081196181065,5710.064798268685
[15, 0],5251.731334077243,5311.7148697417215
[15, 1],5291.926306745418,5350.379141557529
[15, 2],5335.029277908392,5374.45400653097
[15, 3],5381.71556307605,5412.989516027839
[15, 4],5424.71448834185,5437.84370476239
[15, 5],5485.034550185259,5461.161502651677
[15, 6],5518.429423174686,5479.141905928717
[15, 7],5548.512913994013,5500.915347181761
[15, 8],5573.2496001029895,5535.644930506869
[15, 9],5590.6900522020405,5551.411772812532
[15, 10],5611.217917621429,5571.779140967325
[15, 11],5621.324917738821,5585.178358822271
[15, 12],5627.112374464035,5598.999515722705
[15, 13],5626.490308794852,5617.513778164741
[15, 14],5629.661503205904,5634.40614098015
[15, 15],5637.518801501454,5645.637867530816
[15, 16],5648.777953442123,5659.368673994063
[15, 17],5656.946290548842,5671.824417433436
[15, 18],5662.691512049232,5682.887719488362
[15, 19],5675.3588352798,5698.951068858467
[15, 20],5693.242302370109,5710.201272378787
[15, 21],5717.064695728049,5732.343191224991
[16, 0],5261.905700955171,5326.877837698541
[16, 1],5307.188767890824,5362.5929833880855
[16, 2],5349.222833033395,5406.349843518987
[16, 3],5402.271558960852,5437.163894337911
[16, 4],5454.339065296806,5475.638628966039
[16, 5],5494.715069296548,5495.383736537437
[16, 6],5540.358531671207,5513.3254548337
[16, 7],5565.90272168386,5537.14765645833
[16, 8],5597.961795723881,5564.851095060926
[16, 9],5622.992928620637,5585.99009274998
[16, 10],5638.038691568276,5602.576379665859
[16, 11],5655.175933851957,5606.63055182173
[16, 12],5665.02292492242,5619.330674130984
[16, 13],5662.441901152551,5638.818726979617
[16, 14],5670.636241784073,5656.571374567495
[16, 15],5677.238794753824,5668.589864671303
[16, 16],5688.843575898023,5679.783005868061
[16, 17],5700.732198880764,5692.525943267919
[16, 18],5717.149345532893,5708.219044250588
[16, 19],5732.807420581001,5720.954486423923
[16, 20],5745.007562582632,5733.553901394162
[16, 21],5764.000293426534,5755.307071559582
[17, 0],5280.355512784565,5336.277200833343
[17, 1],5327.209594669546,5389.253249687979
[17, 2],5369.72809060777,5429.250848267546
[17, 3],5430.609407806627,5459.325954642585
[17, 4],5479.411274670376,5496.663274207995
[17, 5],5519.873452380683,5526.36314285616
[17, 6],5557.153341191803,5547.319577818923
[17, 7],5588.556921993066,5566.065408609396
[17, 8],5615.945428900951,5587.553528912052
[17, 9],5641.59980193718,5608.184179733216
[17, 10],5661.458429362452,5630.012735809198
[17, 11],5681.5735924472565,5646.137649459914
[17, 12],5699.776338651365,5657.04866298334
[17, 13],5706.916507999632,5676.114668799841
[17, 14],5709.203701633398,5685.89738707359
[17, 15],5717.142775586991,5698.053691981309
[17, 16],5731.512052049613,5713.385388633681
[17, 17],5740.952927695938,5721.887547113822
[17, 18],5756.290272110527,5736.693431947456
[17, 19],5772.4821886365635,5747.581496234301
[17, 20],5791.097545702443,5760.514960383083
[17, 21],5798.217566614538,5772.750356930329
[18, 0],5304.714352929814,5364.480558112513
[18, 1],5353.953945229541,5409.210089977924
[18, 2],5400.471484619004,5443.677560759455
[18, 3],5455.047507936999,5478.455373574023
[18, 4],5499.438449618467,5510.948173719489
[18, 5],5542.313081440001,5547.659366356867
[18, 6],5577.894515678585,5569.236327635926
[18, 7],5606.254658580596,5592.858225632949
[18, 8],5634.282034025312,5612.324014001993
[18, 9],5663.641119663602,5630.6712747056445
[18, 10],5681.5052840985045,5653.9816742349585
[18, 11],5704.3228267382065,5674.277510294782
[18, 12],5720.254787164535,5686.007799639969
[18, 13],5734.94362445731,5699.3707105008325
[18, 14],5739.445010875079,5714.792666018499
[18, 15],5755.781114048001,5724.613298494047
[18, 16],5773.521237693101,5733.814499441586
[18, 17],5787.690485245547,5741.364039516796
[18, 18],5810.291043109755,5757.227927236721
[18, 19],5825.018169727597,5769.1115434622225
[18, 20],5839.335890477403,5780.263781101718
[18, 21],5849.31018720194,5794.821139633774
[19, 0],5324.322781390078,5375.692223306041
[19, 1],5374.313768628002,5421.176068789036
[19, 2],5418.486113234665,5456.858908176703
[19, 3],5478.352972817393,5496.064738742497
[19, 4],5520.991700314893,5532.364136268053
[19, 5],5559.777696196525,5565.102465773145
[19, 6],5597.324501233037,5584.901090104731
[19, 7],5626.098391052909,5610.080877296166
[19, 8],5653.4337981127965,5634.079341392877
[19, 9],5677.455636144613,5653.504564554978
[19, 10],5705.5904551537305,5673.930423907032
[19, 11],5723.818800517607,5695.392516204274
[19, 12],5740.5194716501155,5710.802092983992
[19, 13],5762.745621817992,5722.278071769113
[19, 14],5772.663657159912,5739.854642257771
[19, 15],5785.29480255099,5753.532864047749
[19, 16],5805.442386398473,5765.819785609567
[19, 17],5823.135233289978,5774.551743799007
[19, 18],5843.770009507098,5785.614105489762
[19, 19],5858.844503202457,5799.559797694048
[19, 20],5875.1516612044525,5810.635453049243
[19, 21],5884.372225393836,5811.373212714589
[20, 0],5345.368700952016,5384.324967979227
[20, 1],5392.326860597599,5426.591523854141
[20, 2],5455.099439961228,5465.288383493078
[20, 3],5498.05093332461,5505.631188667313
[20, 4],5537.837627628149,5545.916885330323
[20, 5],5579.841189054465,5582.3622662303305
[20, 6],5612.405212096928,5604.913963515514
[20, 7],5643.749617675747,5628.800439233432
[20, 8],5672.607198940085,5651.174230079513
[20, 9],5694.1906313024665,5676.402221840029
[20, 10],5714.9419566393,5694.838829823834
[20, 11],5738.773745851649,5715.759796575823
[20, 12],5764.831279731687,5739.367206320395
[20, 13],5783.3852477594955,5746.180665113481
[20, 14],5794.595350080512,5763.356790495498
[20, 15],5816.110980942544,5777.852822100987
[20, 16],5830.054299708801,5791.934400952357
[20, 17],5846.80426594511,5804.925058525545
[20, 18],5867.441815278689,5814.289205444662
[20, 19],5880.765083348502,5828.648414237522
[20, 20],5906.012502022782,5830.504116082098
[20, 21],5919.744674919431,5838.175216834323
[21, 0],5367.832651246721,5394.6614783570785
[21, 1],5431.684170490962,5434.545701972398
[21, 2],5475.645741135768,5477.014166371008
[21, 3],5517.353255349522,5518.604254918515
[21, 4],5556.8820651072765,5556.530941705592
[21, 5],5592.420166027772,5593.045951395169
[21, 6],5627.819044850308,5620.743041636281
[21, 7],5656.9028326361695,5645.704086644452
[21, 8],5686.407164725527,5673.810730702104
[21, 9],5711.924162084827,5698.818070883512
[21, 10],5735.004467419265,5726.162707099602
[21, 11],5754.062148242996,5745.275794216537
[21, 12],5779.004649309835,5757.557084993049
[21, 13],5795.499688143267,5769.623859797632
[21, 14],5817.087072583637,5779.012098392585
[21, 15],5826.061553233546,5796.472571812799
[21, 16],5844.197386042001,5809.1806227037905
[21, 17],5859.005339053131,5827.508527162531
[21, 18],5877.367103811031,5840.879935254341
[21, 19],5898.047012167042,5843.2925628012
[21, 20],5919.15625829072,5855.221423582808
[21, 21],5919.42441305879,5861.256011973965
[22, 0],5402.088453589557,5399.784641312098
[22, 1],5451.003403296461,5441.251088666091
[22, 2],5495.437583563809,5488.473459576129
[22, 3],5537.860109283749,5530.633768485747
[22, 4],5575.052013223656,5569.883302798381
[22, 5],5610.978440449523,5605.478421311798
[22, 6],5643.470543347021,5636.254027213821
[22, 7],5676.025551304981,5661.76430166638
[22, 8],5699.086117961693,5686.897794228825
[22, 9],5723.920279975167,5715.592483983649
[22, 10],5744.984048628659,5740.8956570658165
[22, 11],5765.527241490179,5761.088257079533
[22, 12],5784.669405123714,5780.451702546791
[22, 13],5808.905005091831,5790.78565678445
[22, 14],5830.263764922678,5799.319612650846
[22, 15],5843.343761157882,5814.50307136138
[22, 16],5856.2018463650475,5825.838827467309
[22, 17],5877.920492708844,5845.591402621745
[22, 18],5897.44588106933,5852.424280439166
[22, 19],5904.284611322682,5860.942952155789
[22, 20],5925.79325784215,5866.597950709915
[22, 21],5942.1753554130555,5873.7528081121145
[23, 0],5418.127491179364,5411.76798071939
[23, 1],5468.0152456152755,5453.425496597965
[23, 2],5509.1234770761985,5494.887329445524
[23, 3],5549.7499055735925,5535.238888006297
[23, 4],5590.207277013118,5574.008502137782
[23, 5],5625.251210404052,5612.174417520417
[23, 6],5656.77321382245,5649.559259329784
[23, 7],5685.051704349602,5675.803617026489
[23, 8],5710.900601391999,5700.226028209725
[23, 9],5735.45939444203,5729.397206030237
[23, 10],5756.513547148968,5753.6000005717615
[23, 11],5774.266792641729,5775.827051675369
[23, 12],5793.89435762127,5796.35805124156
[23, 13],5810.152684215685,5807.692999167617
[23, 14],5826.688463600495,5822.587799812732
[23, 15],5847.339680088784,5842.928342015575
[23, 16],5862.203604104619,5850.69384589813
[23, 17],5877.815516610248,5864.306364804284
[23, 18],5895.257794364388,5865.808642072176
[23, 19],5915.638259090491,5874.956411490179
[23, 20],5934.926204232714,5887.004375135759
[23, 21],5909.4280233094905,5889.156729954825
[24, 0],5431.525934354835,5416.669468595743
[24, 1],5480.1714080590955,5458.354921889237
[24, 2],5522.689511471037,5501.158475639224
[24, 3],5563.995892301624,5538.621828897018
[24, 4],5600.388849159575,5577.35954344229
[24, 5],5634.156676795203,5622.240778889376
[24, 6],5665.135658762945,5658.49865292864
[24, 7],5692.855818013525,5690.081600826292
[24, 8],5716.840150394086,5713.026288253788
[24, 9],5740.573518048199,5737.505294738337
[24, 10],5760.311822550502,5763.537223255891
[24, 11],5780.652406023517,5787.883107704609
[24, 12],5798.167257109413,5811.394554392369
[24, 13],5814.388620129765,5823.846329668147
[24, 14],5832.747420836866,5838.482730524207
[24, 15],5847.261429838538,5857.390712626488
[24, 16],5861.595547526114,5871.544848624559
[24, 17],5873.37784825891,5872.3637416977
[24, 18],5884.387924096132,5882.6847134680975
[24, 19],5895.518692867496,5894.461846135326
[24, 20],5906.616214554306,5908.697989040906
[24, 21],5913.158298424183,5911.901127129548
[25, 0],5444.590862101111,5420.344752479294
[25, 1],5493.25097144921,5462.1719842659
[25, 2],5535.815198917164,5506.548078248365
[25, 3],5571.171309226504,5552.391062261675
[25, 4],5606.027512530352,5589.479240887576
[25, 5],5639.102832147371,5625.4996434403
[25, 6],5671.162379829746,5659.2763878685255
[25, 7],5698.565154970418,5693.554571411252
[25, 8],5719.382678315264,5723.504712525379
[25, 9],5743.46157010758,5747.485996779134
[25, 10],5763.064434981139,5776.899123078361
[25, 11],5781.366320441517,5800.199282759711
[25, 12],5799.585186540709,5814.889944283066
[25, 13],5817.787680930338,5832.8941572845615
[25, 14],5835.259848072066,5849.540466289343
[25, 15],5849.643677693897,5866.568771823111
[25, 16],5863.010102190969,5876.422627489962
[25, 17],5875.46373934257,5889.982083633198
[25, 18],5885.194903719195,5902.681557796632
[25, 19],5888.1921755825315,5909.485113115765
[25, 20],5870.675486785127,5917.302889025519
[25, 21],5846.395842917496,5922.304126608924
[26, 0],5462.8633849560065,5425.279833715609
[26, 1],5503.79460657102,5479.969661116847
[26, 2],5539.734157413368,5518.338862592143
[26, 3],5577.497329227295,5555.854935267707
[26, 4],5613.593541756098,5592.212883240525
[26, 5],5644.762684869194,5627.034212757586
[26, 6],5672.323252215498,5669.160356615877
[26, 7],5693.528054774175,5708.538136886113
[26, 8],5716.984439018466,5737.967114981515
[26, 9],5740.673707373517,5760.096482772276
[26, 10],5763.666944333585,5782.296979895942
[26, 11],5781.307004552797,5798.300987811026
[26, 12],5795.488517989725,5820.667994718482
[26, 13],5821.077889071457,5839.041322195897
[26, 14],5835.621190160426,5858.695917878547
[26, 15],5849.318493826337,5876.4093751919245
[26, 16],5862.139251819946,5885.422519418933
[26, 17],5872.254625537413,5898.4798812689805
[26, 18],5879.619745511343,5909.804593910794
[26, 19],5878.979331972398,5917.741050872746
[26, 20],5875.126769290306,5928.387175354725
[26, 21],5812.013026447035,5927.661850054477
[27, 0],5474.50660258127,5443.103431929063
[27, 1],5507.938811124863,5482.784572352102
[27, 2],5545.169674151079,5521.070152227185
[27, 3],5578.207026330929,5557.053380418496
[27, 4],5613.635592413837,5591.679241909689
[27, 5],5642.420794661313,5639.888804810624
[27, 6],5668.403564326572,5681.171050618992
[27, 7],5688.12142983032,5713.983447755836
[27, 8],5710.923901396571,5744.28563257659
[27, 9],5733.5600586607725,5771.397019819229
[27, 10],5755.9898853996565,5789.535569489595
[27, 11],5776.593569541328,5804.1512212842645
[27, 12],5793.14985159826,5823.776045061379
[27, 13],5815.13453788239,5846.202781463107
[27, 14],5840.343257930945,5862.697233287214
[27, 15],5852.159385264924,5879.3693292105745
[27, 16],5864.229836944331,5892.79470317443
[27, 17],5873.35924586984,5904.964725546577
[27, 18],5880.231817598795,5916.050719830193
[27, 19],5881.017453988425,5926.25466266601
[27, 20],5877.640395048074,5933.43678202951
[27, 21],5830.645775218029,5941.133580327902
