[0, 0],18.0,47.0
[0, 1],15.0,47.0
[0, 2],15.0,49.0
[0, 3],15.0,51.0
[0, 4],16.0,54.0
[0, 5],13.0,55.0
[0, 6],15.0,58.0
[0, 7],14.0,58.0
[0, 8],16.0,59.0
[0, 9],14.0,57.0
[0, 10],14.0,59.0
[0, 11],15.0,57.0
[0, 12],14.0,55.0
[0, 13],14.0,51.0
[0, 14],14.0,52.0
[0, 15],13.0,50.0
[0, 16],12.0,50.0
[0, 17],12.0,47.0
[0, 18],13.0,45.0
[0, 19],10.0,42.0
[0, 20],9.0,39.0
[0, 21],8.0,36.0
[1, 0],16.0,48.0
[1, 1],15.0,49.0
[1, 2],14.0,53.0
[1, 3],16.0,54.0
[1, 4],14.0,57.0
[1, 5],15.0,58.0
[1, 6],15.0,62.0
[1, 7],16.0,61.0
[1, 8],16.0,61.0
[1, 9],17.0,61.0
[1, 10],17.0,60.0
[1, 11],17.0,60.0
[1, 12],18.0,60.0
[1, 13],18.0,57.0
[1, 14],17.0,54.0
[1, 15],16.0,53.0
[1, 16],16.0,53.0
[1, 17],14.0,49.0
[1, 18],13.0,47.0
[1, 19],11.0,47.0
[1, 20],10.0,46.0
[1, 21],8.0,40.0
[2, 0],14.0,50.0
[2, 1],14.0,55.0
[2, 2],15.0,57.0
[2, 3],15.0,57.0
[2, 4],14.0,61.0
[2, 5],17.0,66.0
[2, 6],16.0,66.0
[2, 7],17.0,67.0
[2, 8],18.0,66.0
[2, 9],17.0,64.0
[2, 10],19.0,63.0
[2, 11],18.0,65.0
[2, 12],20.0,62.0
[2, 13],19.0,61.0
[2, 14],19.0,62.0
[2, 15],18.0,60.0
[2, 16],18.0,58.0
[2, 17],16.0,58.0
[2, 18],15.0,54.0
[2, 19],13.0,51.0
[2, 20],11.0,50.0
[2, 21],8.0,47.0
[3, 0],14.0,57.0
[3, 1],15.0,59.0
[3, 2],16.0,60.0
[3, 3],16.0,64.0
[3, 4],16.0,66.0
[3, 5],17.0,66.0
[3, 6],17.0,71.0
[3, 7],19.0,72.0
[3, 8],19.0,67.0
[3, 9],21.0,65.0
[3, 10],21.0,68.0
[3, 11],22.0,70.0
[3, 12],24.0,68.0
[3, 13],24.0,67.0
[3, 14],23.0,67.0
[3, 15],21.0,67.0
[3, 16],22.0,65.0
[3, 17],20.0,61.0
[3, 18],17.0,59.0
[3, 19],15.0,56.0
[3, 20],14.0,54.0
[3, 21],11.0,53.0
[4, 0],15.0,58.0
[4, 1],15.0,59.0
[4, 2],17.0,66.0
[4, 3],18.0,66.0
[4, 4],17.0,70.0
[4, 5],16.0,76.0
[4, 6],19.0,75.0
[4, 7],21.0,73.0
[4, 8],21.0,73.0
[4, 9],25.0,75.0
[4, 10],26.0,73.0
[4, 11],24.0,73.0
[4, 12],27.0,71.0
[4, 13],27.0,69.0
[4, 14],25.0,70.0
[4, 15],26.0,69.0
[4, 16],23.0,66.0
[4, 17],21.0,65.0
[4, 18],19.0,63.0
[4, 19],15.0,62.0
[4, 20],13.0,57.0
[4, 21],13.0,54.0
[5, 0],14.0,59.0
[5, 1],14.0,62.0
[5, 2],18.0,68.0
[5, 3],18.0,70.0
[5, 4],17.0,77.0
[5, 5],18.0,77.0
[5, 6],21.0,79.0
[5, 7],22.0,75.0
[5, 8],25.0,79.0
[5, 9],27.0,77.0
[5, 10],27.0,76.0
[5, 11],28.0,77.0
[5, 12],29.0,77.0
[5, 13],29.0,75.0
[5, 14],29.0,74.0
[5, 15],28.0,71.0
[5, 16],26.0,68.0
[5, 17],23.0,68.0
[5, 18],21.0,65.0
[5, 19],20.0,63.0
[5, 20],14.0,62.0
[5, 21],14.0,58.0
[6, 0],14.0,62.0
[6, 1],12.0,67.0
[6, 2],16.0,69.0
[6, 3],16.0,74.0
[6, 4],17.0,78.0
[6, 5],21.0,83.0
[6, 6],22.0,82.0
[6, 7],23.0,86.0
[6, 8],28.0,83.0
[6, 9],26.0,84.0
[6, 10],27.0,84.0
[6, 11],29.0,83.0
[6, 12],33.0,79.0
[6, 13],32.0,78.0
[6, 14],31.0,76.0
[6, 15],30.0,73.0
[6, 16],29.0,72.0
[6, 17],27.0,70.0
[6, 18],22.0,67.0
[6, 19],20.0,65.0
[6, 20],19.0,64.0
[6, 21],17.0,60.0
[7, 0],13.0,67.0
[7, 1],13.0,69.0
[7, 2],15.0,76.0
[7, 3],17.0,79.0
[7, 4],21.0,84.0
[7, 5],21.0,85.0
[7, 6],23.0,85.0
[7, 7],28.0,87.0
[7, 8],30.0,88.0
[7, 9],28.0,87.0
[7, 10],31.0,86.0
[7, 11],32.0,87.0
[7, 12],32.0,85.0
[7, 13],35.0,82.0
[7, 14],33.0,80.0
[7, 15],33.0,76.0
[7, 16],31.0,75.0
[7, 17],30.0,74.0
[7, 18],25.0,70.0
[7, 19],23.0,66.0
[7, 20],21.0,66.0
[7, 21],19.0,62.0
[8, 0],14.0,70.0
[8, 1],13.0,74.0
[8, 2],14.0,79.0
[8, 3],16.0,85.0
[8, 4],17.0,88.0
[8, 5],19.0,91.0
[8, 6],23.0,92.0
[8, 7],28.0,93.0
[8, 8],29.0,95.0
[8, 9],29.0,91.0
[8, 10],32.0,91.0
[8, 11],32.0,90.0
[8, 12],38.0,91.0
[8, 13],38.0,87.0
[8, 14],36.0,82.0
[8, 15],35.0,82.0
[8, 16],38.0,78.0
[8, 17],32.0,76.0
[8, 18],29.0,72.0
[8, 19],27.0,71.0
[8, 20],23.0,67.0
[8, 21],18.0,64.0
[9, 0],12.0,73.0
[9, 1],13.0,73.0
[9, 2],16.0,84.0
[9, 3],16.0,85.0
[9, 4],18.0,92.0
[9, 5],18.0,95.0
[9, 6],22.0,99.0
[9, 7],26.0,98.0
[9, 8],29.0,99.0
[9, 9],30.0,98.0
[9, 10],31.0,97.0
[9, 11],33.0,94.0
[9, 12],39.0,91.0
[9, 13],35.0,89.0
[9, 14],35.0,88.0
[9, 15],37.0,87.0
[9, 16],36.0,85.0
[9, 17],31.0,80.0
[9, 18],30.0,74.0
[9, 19],28.0,72.0
[9, 20],25.0,68.0
[9, 21],24.0,65.0
[10, 0],12.0,74.0
[10, 1],13.0,80.0
[10, 2],14.0,87.0
[10, 3],16.0,91.0
[10, 4],18.0,96.0
[10, 5],21.0,98.0
[10, 6],23.0,101.0
[10, 7],26.0,104.0
[10, 8],30.0,103.0
[10, 9],29.0,104.0
[10, 10],33.0,103.0
[10, 11],37.0,98.0
[10, 12],38.0,96.0
[10, 13],37.0,94.0
[10, 14],41.0,92.0
[10, 15],40.0,90.0
[10, 16],40.0,87.0
[10, 17],39.0,84.0
[10, 18],35.0,81.0
[10, 19],32.0,79.0
[10, 20],27.0,72.0
[10, 21],24.0,66.0
[11, 0],14.0,75.0
[11, 1],14.0,86.0
[11, 2],15.0,86.0
[11, 3],15.0,93.0
[11, 4],17.0,96.0
[11, 5],20.0,100.0
[11, 6],22.0,103.0
[11, 7],27.0,106.0
[11, 8],29.0,108.0
[11, 9],33.0,105.0
[11, 10],34.0,103.0
[11, 11],37.0,103.0
[11, 12],41.0,98.0
[11, 13],44.0,96.0
[11, 14],44.0,96.0
[11, 15],42.0,91.0
[11, 16],44.0,89.0
[11, 17],37.0,86.0
[11, 18],38.0,82.0
[11, 19],35.0,79.0
[11, 20],30.0,78.0
[11, 21],26.0,70.0
[12, 0],13.0,78.0
[12, 1],13.0,84.0
[12, 2],18.0,88.0
[12, 3],16.0,93.0
[12, 4],19.0,96.0
[12, 5],21.0,104.0
[12, 6],28.0,107.0
[12, 7],28.0,108.0
[12, 8],31.0,106.0
[12, 9],34.0,106.0
[12, 10],38.0,104.0
[12, 11],38.0,102.0
[12, 12],41.0,99.0
[12, 13],41.0,99.0
[12, 14],45.0,100.0
[12, 15],45.0,95.0
[12, 16],43.0,94.0
[12, 17],40.0,92.0
[12, 18],38.0,87.0
[12, 19],33.0,84.0
[12, 20],31.0,80.0
[12, 21],24.0,77.0
[13, 0],13.0,76.0
[13, 1],13.0,84.0
[13, 2],17.0,91.0
[13, 3],17.0,93.0
[13, 4],22.0,99.0
[13, 5],26.0,103.0
[13, 6],28.0,106.0
[13, 7],29.0,107.0
[13, 8],29.0,108.0
[13, 9],36.0,105.0
[13, 10],36.0,104.0
[13, 11],40.0,102.0
[13, 12],43.0,104.0
[13, 13],45.0,102.0
[13, 14],47.0,101.0
[13, 15],46.0,98.0
[13, 16],44.0,94.0
[13, 17],42.0,91.0
[13, 18],37.0,89.0
[13, 19],34.0,85.0
[13, 20],32.0,83.0
[13, 21],26.0,78.0
[14, 0],11.0,77.0
[14, 1],13.0,83.0
[14, 2],17.0,89.0
[14, 3],16.0,90.0
[14, 4],23.0,98.0
[14, 5],24.0,101.0
[14, 6],27.0,105.0
[14, 7],32.0,106.0
[14, 8],35.0,107.0
[14, 9],38.0,107.0
[14, 10],42.0,107.0
[14, 11],41.0,104.0
[14, 12],42.0,104.0
[14, 13],45.0,104.0
[14, 14],46.0,100.0
[14, 15],45.0,97.0
[14, 16],45.0,94.0
[14, 17],42.0,91.0
[14, 18],38.0,89.0
[14, 19],34.0,85.0
[14, 20],33.0,84.0
[14, 21],26.0,80.0
[15, 0],15.0,73.0
[15, 1],16.0,79.0
[15, 2],17.0,87.0
[15, 3],20.0,92.0
[15, 4],22.0,95.0
[15, 5],26.0,100.0
[15, 6],29.0,103.0
[15, 7],33.0,104.0
[15, 8],37.0,104.0
[15, 9],38.0,109.0
[15, 10],42.0,108.0
[15, 11],42.0,105.0
[15, 12],46.0,105.0
[15, 13],46.0,102.0
[15, 14],45.0,101.0
[15, 15],45.0,96.0
[15, 16],42.0,93.0
[15, 17],39.0,92.0
[15, 18],37.0,90.0
[15, 19],33.0,86.0
[15, 20],31.0,82.0
[15, 21],28.0,79.0
[16, 0],16.0,73.0
[16, 1],18.0,77.0
[16, 2],20.0,84.0
[16, 3],24.0,88.0
[16, 4],27.0,90.0
[16, 5],28.0,96.0
[16, 6],30.0,100.0
[16, 7],35.0,104.0
[16, 8],36.0,106.0
[16, 9],41.0,106.0
[16, 10],46.0,105.0
[16, 11],44.0,105.0
[16, 12],45.0,103.0
[16, 13],48.0,101.0
[16, 14],49.0,98.0
[16, 15],45.0,96.0
[16, 16],43.0,94.0
[16, 17],36.0,91.0
[16, 18],36.0,87.0
[16, 19],33.0,85.0
[16, 20],26.0,81.0
[16, 21],25.0,78.0
[17, 0],17.0,72.0
[17, 1],20.0,75.0
[17, 2],21.0,84.0
[17, 3],24.0,86.0
[17, 4],30.0,89.0
[17, 5],31.0,89.0
[17, 6],35.0,96.0
[17, 7],37.0,102.0
[17, 8],40.0,103.0
[17, 9],42.0,102.0
[17, 10],44.0,101.0
[17, 11],49.0,100.0
[17, 12],46.0,101.0
[17, 13],47.0,97.0
[17, 14],50.0,95.0
[17, 15],49.0,93.0
[17, 16],41.0,93.0
[17, 17],38.0,88.0
[17, 18],34.0,88.0
[17, 19],29.0,83.0
[17, 20],29.0,81.0
[17, 21],23.0,78.0
[18, 0],18.0,67.0
[18, 1],22.0,75.0
[18, 2],25.0,80.0
[18, 3],27.0,84.0
[18, 4],28.0,86.0
[18, 5],32.0,90.0
[18, 6],34.0,96.0
[18, 7],34.0,97.0
[18, 8],40.0,98.0
[18, 9],44.0,100.0
[18, 10],48.0,99.0
[18, 11],51.0,98.0
[18, 12],48.0,98.0
[18, 13],47.0,97.0
[18, 14],50.0,95.0
[18, 15],45.0,95.0
[18, 16],42.0,91.0
[18, 17],36.0,88.0
[18, 18],33.0,87.0
[18, 19],29.0,84.0
[18, 20],27.0,81.0
[18, 21],22.0,76.0
[19, 0],19.0,64.0
[19, 1],23.0,73.0
[19, 2],25.0,76.0
[19, 3],27.0,80.0
[19, 4],30.0,84.0
[19, 5],30.0,86.0
[19, 6],33.0,94.0
[19, 7],38.0,95.0
[19, 8],39.0,96.0
[19, 9],39.0,97.0
[19, 10],48.0,98.0
[19, 11],47.0,96.0
[19, 12],45.0,96.0
[19, 13],44.0,96.0
[19, 14],44.0,94.0
[19, 15],45.0,92.0
[19, 16],42.0,89.0
[19, 17],37.0,87.0
[19, 18],35.0,83.0
[19, 19],29.0,82.0
[19, 20],27.0,78.0
[19, 21],23.0,76.0
[20, 0],20.0,62.0
[20, 1],22.0,68.0
[20, 2],24.0,76.0
[20, 3],27.0,79.0
[20, 4],33.0,81.0
[20, 5],30.0,85.0
[20, 6],30.0,89.0
[20, 7],36.0,91.0
[20, 8],39.0,94.0
[20, 9],42.0,93.0
[20, 10],44.0,95.0
[20, 11],45.0,94.0
[20, 12],44.0,92.0
[20, 13],41.0,93.0
[20, 14],41.0,92.0
[20, 15],42.0,88.0
[20, 16],44.0,87.0
[20, 17],41.0,85.0
[20, 18],38.0,81.0
[20, 19],31.0,80.0
[20, 20],28.0,76.0
[20, 21],26.0,74.0
[21, 0],19.0,62.0
[21, 1],21.0,64.0
[21, 2],25.0,71.0
[21, 3],27.0,78.0
[21, 4],29.0,80.0
[21, 5],31.0,82.0
[21, 6],31.0,85.0
[21, 7],34.0,88.0
[21, 8],35.0,88.0
[21, 9],41.0,89.0
[21, 10],40.0,87.0
[21, 11],41.0,88.0
[21, 12],43.0,91.0
[21, 13],43.0,90.0
[21, 14],42.0,88.0
[21, 15],42.0,88.0
[21, 16],40.0,83.0
[21, 17],37.0,82.0
[21, 18],34.0,80.0
[21, 19],29.0,78.0
[21, 20],29.0,75.0
[21, 21],25.0,71.0
[22, 0],18.0,54.0
[22, 1],21.0,62.0
[22, 2],23.0,67.0
[22, 3],26.0,71.0
[22, 4],27.0,77.0
[22, 5],28.0,79.0
[22, 6],29.0,80.0
[22, 7],31.0,84.0
[22, 8],32.0,87.0
[22, 9],37.0,86.0
[22, 10],39.0,86.0
[22, 11],41.0,87.0
[22, 12],42.0,88.0
[22, 13],43.0,86.0
[22, 14],41.0,86.0
[22, 15],38.0,86.0
[22, 16],39.0,83.0
[22, 17],33.0,81.0
[22, 18],31.0,81.0
[22, 19],25.0,78.0
[22, 20],24.0,75.0
[22, 21],21.0,70.0
[23, 0],17.0,53.0
[23, 1],21.0,57.0
[23, 2],22.0,61.0
[23, 3],24.0,70.0
[23, 4],26.0,75.0
[23, 5],25.0,78.0
[23, 6],28.0,77.0
[23, 7],30.0,78.0
[23, 8],32.0,83.0
[23, 9],31.0,84.0
[23, 10],35.0,85.0
[23, 11],37.0,86.0
[23, 12],40.0,85.0
[23, 13],39.0,84.0
[23, 14],35.0,81.0
[23, 15],34.0,80.0
[23, 16],32.0,78.0
[23, 17],29.0,79.0
[23, 18],28.0,77.0
[23, 19],24.0,76.0
[23, 20],24.0,73.0
[23, 21],18.0,66.0
[24, 0],16.0,49.0
[24, 1],19.0,56.0
[24, 2],21.0,60.0
[24, 3],22.0,66.0
[24, 4],25.0,72.0
[24, 5],25.0,72.0
[24, 6],27.0,73.0
[24, 7],30.0,76.0
[24, 8],30.0,80.0
[24, 9],32.0,82.0
[24, 10],32.0,83.0
[24, 11],36.0,83.0
[24, 12],36.0,80.0
[24, 13],36.0,79.0
[24, 14],34.0,80.0
[24, 15],31.0,80.0
[24, 16],29.0,77.0
[24, 17],24.0,78.0
[24, 18],23.0,75.0
[24, 19],21.0,72.0
[24, 20],19.0,67.0
[24, 21],18.0,63.0
[25, 0],14.0,46.0
[25, 1],15.0,51.0
[25, 2],20.0,59.0
[25, 3],24.0,60.0
[25, 4],25.0,65.0
[25, 5],24.0,71.0
[25, 6],24.0,71.0
[25, 7],25.0,73.0
[25, 8],28.0,76.0
[25, 9],28.0,79.0
[25, 10],32.0,80.0
[25, 11],33.0,80.0
[25, 12],31.0,78.0
[25, 13],30.0,77.0
[25, 14],27.0,78.0
[25, 15],27.0,78.0
[25, 16],26.0,77.0
[25, 17],23.0,74.0
[25, 18],20.0,71.0
[25, 19],16.0,69.0
[25, 20],14.0,65.0
[25, 21],13.0,60.0
[26, 0],13.0,44.0
[26, 1],15.0,45.0
[26, 2],17.0,54.0
[26, 3],19.0,59.0
[26, 4],21.0,61.0
[26, 5],23.0,65.0
[26, 6],23.0,70.0
[26, 7],22.0,68.0
[26, 8],27.0,69.0
[26, 9],27.0,73.0
[26, 10],29.0,75.0
[26, 11],28.0,76.0
[26, 12],29.0,76.0
[26, 13],25.0,75.0
[26, 14],23.0,73.0
[26, 15],23.0,71.0
[26, 16],20.0,70.0
[26, 17],18.0,67.0
[26, 18],17.0,64.0
[26, 19],14.0,63.0
[26, 20],14.0,59.0
[26, 21],9.0,57.0
[27, 0],12.0,42.0
[27, 1],13.0,44.0
[27, 2],16.0,47.0
[27, 3],16.0,54.0
[27, 4],19.0,57.0
[27, 5],20.0,62.0
[27, 6],20.0,62.0
[27, 7],21.0,65.0
[27, 8],24.0,67.0
[27, 9],24.0,67.0
[27, 10],26.0,69.0
[27, 11],27.0,69.0
[27, 12],26.0,70.0
[27, 13],22.0,71.0
[27, 14],22.0,68.0
[27, 15],19.0,67.0
[27, 16],18.0,66.0
[27, 17],16.0,65.0
[27, 18],14.0,63.0
[27, 19],12.0,60.0
[27, 20],11.0,59.0
[27, 21],9.0,54.0
